0
0
0
0
0
0
0
0
0
0
0
0
0
36
0
0
0
0
0
0
0
0
0
0
0
0
0
38
0
0
0
0
0
39
0
36
0
38
0
0
8
7
7
7
7
7
7
7
7
7
7
7
7
7
7
7
7
7
7
7
7
9
36
0
0
0
37
0
0
0
0
0
6
1
1
1
1
1
1
1
1
1
1
1
1
1
1
1
1
1
1
1
1
4
0
0
0
0
0
38
0
0
2
0
6
1
12
5
5
5
5
5
5
5
5
5
5
5
5
5
5
5
5
13
1
4
0
0
0
0
0
41
0
0
0
0
6
1
4
0
0
0
0
0
0
0
0
0
0
0
0
0
0
0
0
6
1
4
0
38
7
7
7
7
7
7
7
7
14
1
4
0
2
0
0
0
0
0
0
2
0
0
0
0
0
2
0
6
1
4
0
0
1
1
1
1
1
1
1
1
1
1
4
0
0
0
0
0
0
0
0
0
0
0
40
36
0
0
0
6
1
4
0
0
5
5
5
5
5
5
5
5
5
5
10
0
0
0
0
0
39
0
0
0
0
0
0
0
0
0
0
6
1
4
0
0
0
0
0
0
0
0
0
0
0
37
0
0
0
0
0
0
0
40
0
0
0
39
0
0
0
0
0
6
1
4
40
0
0
39
0
0
0
0
0
0
0
0
0
0
2
0
0
0
0
0
0
0
0
0
0
0
0
2
0
6
1
4
0
0
0
0
20
17
17
17
17
17
17
21
0
0
0
0
0
0
0
0
0
0
0
0
0
0
0
0
0
6
1
4
0
38
0
0
16
3
3
3
3
3
3
18
0
0
0
0
0
0
36
0
0
8
7
7
7
7
7
7
7
14
1
4
0
39
17
17
34
3
3
3
3
3
3
18
0
41
0
0
0
38
0
0
0
6
1
1
1
1
1
1
1
1
1
4
0
0
3
3
3
3
3
3
3
3
3
18
0
0
0
0
0
0
0
0
0
6
1
12
5
5
5
5
5
5
5
10
0
0
3
3
3
3
3
3
3
3
3
18
37
36
36
0
0
0
0
0
0
6
1
4
0
0
0
0
0
0
0
0
20
17
3
3
3
3
3
3
3
3
32
22
0
36
36
0
0
0
0
40
0
6
1
4
0
2
0
0
0
0
2
0
16
3
33
3
3
3
3
3
3
32
22
0
0
0
0
0
39
0
0
0
0
6
1
4
0
0
0
0
0
0
0
17
34
3
23
33
3
3
3
32
19
22
0
0
2
0
0
0
0
0
0
2
0
6
1
4
0
0
0
38
41
0
17
3
3
3
41
23
19
19
19
22
0
0
0
0
0
0
0
0
0
0
0
0
0
6
1
4
0
0
37
41
0
17
3
3
3
3
42
40
0
0
0
0
8
7
7
7
7
7
7
7
7
7
7
7
7
14
1
4
0
0
39
0
17
3
3
3
3
3
0
0
0
0
2
0
6
1
1
1
1
1
1
1
1
1
1
1
1
1
1
4
0
0
0
17
3
3
3
3
3
3
0
0
0
0
36
0
6
1
12
5
5
5
5
5
5
5
5
5
5
5
5
10
20
17
17
3
3
3
3
3
3
3
0
38
0
0
0
0
6
1
4
0
0
0
0
0
40
41
0
0
0
0
0
0
16
3
3
3
3
3
3
3
3
3
0
0
0
0
0
0
6
1
4
0
20
17
17
17
17
17
17
17
17
17
17
17
34
3
3
3
3
3
3
3
3
3
0
6
7
23
